act difference: 0.07505239311380549
syn_mean: 15.82
syn_std: 8.357009034337585
aut_mean: 17.529411764705884
aut_std: 9.497477355833363
length difference: 0.6614117647058825
aut_variance: 0.1682622337466403
syn_variance: 0.1779399723649609
variance difference: -0.009677738618320608


