act difference: 0.32003905553755735
syn_mean: 11.974
syn_std: 2.6812914798656244
aut_mean: 17.529411764705884
aut_std: 9.497477355833363
length difference: 0.9536470588235293
aut_variance: 0.1682622337466403
syn_variance: 0.15862185342891036
variance difference: 0.00964038031772993


