act difference: 0.08908356219259221
syn_mean: 15.782
syn_std: 7.424720600803777
aut_mean: 17.529411764705884
aut_std: 9.497477355833363
length difference: 0.6402352941176472
aut_variance: 0.1682622337466403
syn_variance: 0.16812142821124257
variance difference: 0.00014080553539772


