act difference: 0.10568063397228179
syn_mean: 16.706
syn_std: 7.593916249208966
aut_mean: 17.529411764705884
aut_std: 9.497477355833363
length difference: 0.7108235294117649
aut_variance: 0.1682622337466403
syn_variance: 0.19304272788784219
variance difference: -0.024780494141201898


